1.086195022450113234e-01
9.676657112370855296e-02
8.253487945875802312e-02
7.803115858508874458e-02
7.006702442660479868e-02
6.252519567715211779e-02
5.416721013826898690e-02
5.119926935028534798e-02
5.020378945733561249e-02
4.374060445993085966e-02
3.898536263115270212e-02
3.804609504819343735e-02
3.118342471156934984e-02
2.713461503493227664e-02
2.541980365009626625e-02
2.441736596121857686e-02
2.169706391533245127e-02
1.822253163290394121e-02
1.551343645480588070e-02
1.257039563211855872e-02
1.105262357743349785e-02
1.000034388356324348e-02
8.316818451413366883e-03
6.209887364141852828e-03
4.043137402051624231e-03
3.628555217443233012e-03
2.044498850212973871e-03
1.210700315273576660e-03
1.059533137726531224e-03
9.201596179819682619e-04
4.657190770230997218e-04
2.723511242806453047e-06
