3.580663359324729456e-01
1.547592742211256200e-01
8.725891656465151192e-02
5.563024812683903947e-02
4.871580943882426046e-02
4.150849004870080239e-02
2.975526962762294059e-02
2.868501837838313695e-02
2.388410244532124943e-02
1.912066348044457603e-02
1.598617006477458941e-02
1.525334476922018435e-02
1.146945326773047072e-02
1.061684768349406213e-02
8.206982298156063893e-03
7.658952262884590086e-03
6.911880322653541492e-03
6.174030554055084420e-03
5.241835967402672970e-03
5.002317313962300650e-03
4.934755566920169534e-03
4.473364755196188210e-03
3.843285818329180564e-03
3.190516782415184736e-03
2.931620259290433107e-03
2.813500426278216747e-03
2.545699807796389467e-03
2.389602785789402949e-03
2.138378047888824657e-03
1.974829878480756883e-03
1.791583525102041080e-03
1.705482243857807780e-03
1.596229569966406761e-03
1.497315211006553957e-03
1.451480611425711494e-03
1.281298321080618198e-03
1.196913172226969852e-03
1.134325292723546187e-03
1.034539505424912978e-03
9.363845411192218710e-04
