4.482081157290785933e-01
1.630421350868285213e-01
1.028753134860132257e-01
6.410071054782855160e-02
3.945007279712216958e-02
3.755676587869985483e-02
3.066021947618651627e-02
1.957827058921347493e-02
1.689947307819805733e-02
1.475076279185516710e-02
1.285374912289017311e-02
8.224491169189046894e-03
6.438247726108266636e-03
5.776797783076751194e-03
5.366012926632717471e-03
4.740580084254066712e-03
4.474849854954917119e-03
3.082414544087107734e-03
2.917424359854149142e-03
2.044412369814789261e-03
1.728755083889740862e-03
1.387872515578395362e-03
1.187984639534232865e-03
8.329666109725160491e-04
6.372939279518482136e-04
4.722341528554450767e-04
3.064406173582482360e-04
1.700881605885291436e-04
1.378809673722550830e-04
8.497462953000668620e-05
1.193972399181563482e-05
7.495685099909815371e-07
