3.312673341565525176e-02
2.957288459222158841e-02
2.894279981179152805e-02
2.767533661302441425e-02
2.629670658985712450e-02
2.508976179585880109e-02
2.449302821789784215e-02
2.357000611359392692e-02
2.269774285637292388e-02
2.234974674560677790e-02
2.154814118073747342e-02
2.086531811004786394e-02
2.015013737131421401e-02
1.993357835358995286e-02
1.953997576161564664e-02
1.936473858932162909e-02
1.878045532274558865e-02
1.809537112446208199e-02
1.758915956666561378e-02
1.733821361155957197e-02
1.658259211034819602e-02
1.594995797873455939e-02
1.565362386899192548e-02
1.509884412593664321e-02
1.500715404389978656e-02
1.454818359889350349e-02
1.386789203152762918e-02
1.372668168521319620e-02
1.340929514845160334e-02
1.332659633123707034e-02
1.289527275689068483e-02
1.246773972111044418e-02
1.231216410302304713e-02
1.218576753579052319e-02
1.158445527495097736e-02
1.132034268734940889e-02
1.091145309748074894e-02
1.067715943385503727e-02
1.034279025468459907e-02
1.020397339174701663e-02
