2.906947827793012612e-02
2.886152336879767299e-02
2.803988370391510138e-02
2.762991512566884827e-02
2.697420339034154596e-02
2.635814212457968098e-02
2.457641033382206366e-02
2.377631056222982361e-02
2.240331414158142423e-02
2.231255698942441468e-02
2.169718934503588742e-02
2.101658616060915821e-02
2.091907912128602304e-02
2.034774123922928474e-02
1.965447200075420495e-02
1.950983203739618810e-02
1.941239809267578803e-02
1.884803281153439938e-02
1.817392054562095779e-02
1.733345016726300925e-02
