7.766103505857169242e-01
1.222321863722639207e-01
7.402061387073645415e-02
2.713684917128138599e-02
6.746049693700349334e-17
3.614398347778459146e-17
2.732790986901371323e-17
2.365588085508474395e-17
1.744271386123736970e-17
1.334586859376816100e-17
1.163082361985293295e-17
9.558654073937614549e-18
6.765858851156193997e-18
5.109222193607483220e-18
3.118513937614041671e-18
2.618244161146615374e-18
1.287536075768652273e-18
8.592416685356809805e-19
4.926495281467617040e-20
-8.336862388932826818e-19
-1.343461368252947209e-18
-2.166079693415775561e-18
-2.717719276483458459e-18
-5.317331410360627777e-18
-6.446544896397488235e-18
-9.312675261855195717e-18
-1.070251063689214389e-17
-1.819089816294827823e-17
-1.984994708731190266e-17
-2.748939271303588961e-17
-6.406762142781623253e-17
-2.574096033938782582e-16
