1.086195022450144321e-01
9.676657112371149505e-02
8.253487945876034071e-02
7.803115858509072911e-02
7.006702442660654728e-02
6.252519567715372761e-02
5.416721013827011100e-02
5.119926935028649984e-02
5.020378945733676435e-02
4.374060445993210866e-02
3.898536263115363887e-02
3.804609504819413124e-02
3.118342471156988760e-02
2.713461503493293930e-02
2.541980365009690462e-02
2.441736596121924646e-02
2.169706391533288148e-02
1.822253163290431244e-02
1.551343645480618601e-02
1.257039563211891434e-02
1.105262357743369908e-02
1.000034388356350022e-02
8.316818451413561172e-03
6.209887364141990738e-03
4.043137402051628568e-03
3.628555217443334927e-03
2.044498850213022443e-03
1.210700315273637809e-03
1.059533137726540114e-03
9.201596179819949333e-04
4.657190770231105638e-04
2.723511242794133800e-06
