5.591038678551372154e-01
2.162185137897169873e-01
1.033383848914693898e-01
4.672018431502229785e-02
2.936559144272854124e-02
2.082106553061925658e-02
1.391972862385828374e-02
1.051266355143926079e-02
2.082966329531630377e-16
1.557895826233724611e-16
1.499791709281372563e-16
1.160360400465110479e-16
1.128936890169268130e-16
1.051850597525020315e-16
9.410032786674693799e-17
8.534022145361558211e-17
7.237510969695190716e-17
6.749303883674953819e-17
6.214639072223840273e-17
5.441763214462448496e-17
4.710114300344101000e-17
4.319416579391302414e-17
3.936123266266290919e-17
3.784390069626456869e-17
3.528851532768692692e-17
3.299911910515442247e-17
3.168805636623282604e-17
2.933942351944603736e-17
2.539730227744664075e-17
2.348845013888344516e-17
2.222222165707039355e-17
2.061120867480873840e-17
1.923928051127720734e-17
1.787460693172688671e-17
1.711199314353107067e-17
1.593385545834000038e-17
1.467130575401749426e-17
1.392373481280468073e-17
1.304924926943841641e-17
1.251863713422118035e-17
