3.791784003863311048e-01
1.647100226098645037e-01
9.205336672352473770e-02
5.775510902312207956e-02
5.017464227946695499e-02
4.284552854531035321e-02
2.955781348810523554e-02
2.944264240515046330e-02
2.493931044108461600e-02
1.874768750698563302e-02
1.607224231550425861e-02
1.476452983001601618e-02
1.122171914697163431e-02
1.047922682566426560e-02
7.738818493379639833e-03
7.002209278832168850e-03
6.556558869405313891e-03
5.742799809235253281e-03
4.479877018162491641e-03
4.386305717055056022e-03
3.682242266302052092e-03
3.480416044066676588e-03
2.663697334432216755e-03
2.352764505493905658e-03
1.992296209838071569e-03
1.564998301097046771e-03
1.389167719706135146e-03
1.272702433013122875e-03
1.173238562700195525e-03
9.974660781478220020e-04
8.908081971380676835e-04
6.913916348875988414e-04
9.724105523329605840e-17
6.867269022427416455e-17
6.574998151833233055e-17
5.169877165031750589e-17
4.457218957440950106e-17
3.895610414119161890e-17
3.443100224334304823e-17
3.106839357735171866e-17
