4.139396969747751731e-01
2.823124116753142898e-01
1.936647072816233550e-01
1.100831840682862939e-01
7.909556925952452164e-17
5.600671629646439694e-17
4.695001069705902496e-17
3.038939715290212299e-17
2.514260942631470125e-17
1.887992272579514823e-17
1.689524045241612775e-17
1.422297238729979745e-17
1.123003238152064618e-17
1.039960724918421887e-17
7.217916113795820848e-18
5.555287481332061151e-18
3.055135447802950552e-18
-8.992913175357352675e-20
-1.788171232670867568e-18
-3.881803439082739801e-18
-7.057429561587427189e-18
-9.024673129573406889e-18
-1.123407485232420399e-17
-1.359336873124356074e-17
-1.600612603398604402e-17
-1.977518727073026908e-17
-2.398365342557545725e-17
-2.726463371359838236e-17
-3.041452223153919240e-17
-3.825433332669081180e-17
-4.381014521543390305e-17
-5.410459221428938285e-17
