6.713417734929630343e-02
6.400100055897731122e-02
6.136323730825875983e-02
5.517420464111785078e-02
5.379574725924442941e-02
5.136992348007374948e-02
4.663624167776926621e-02
4.322232517508555610e-02
4.266507338625714213e-02
3.902046625405252572e-02
3.606023022930344990e-02
3.424241871884951827e-02
3.248536669806452448e-02
3.070574592830399227e-02
2.927524411332365489e-02
2.774812506680694735e-02
2.644292338912329274e-02
2.537722504869679638e-02
2.464163731924703948e-02
2.242063613242244527e-02
2.218354316820168523e-02
2.063022250500301524e-02
1.901140600196257399e-02
1.798375065133997822e-02
1.686867224826420902e-02
1.635801055306065899e-02
1.567612594056198502e-02
1.348020638407662446e-02
1.321069293270436644e-02
1.142682012829222653e-02
1.039341509289003727e-02
8.995184659371272679e-03
3.069042190154419912e-17
2.900663574914038819e-17
2.746217778500813225e-17
2.381255436463032292e-17
2.246063720475108295e-17
2.040076046069992203e-17
1.922418457231313698e-17
1.799046050379159363e-17
