4.190864842473389640e-01
3.222848313704049783e-01
1.587655080079962422e-01
9.986317637426142535e-02
1.682681672364716523e-16
1.400994799950757021e-16
1.375562968059983484e-16
1.271348822763846713e-16
1.249235108766854314e-16
1.032657929345136639e-16
9.670843831519026744e-17
9.281320253387424310e-17
8.015116271379305789e-17
7.283294227216005187e-17
6.942048745574709768e-17
6.069427062274877720e-17
5.761770797498209335e-17
5.471969279861584302e-17
5.078403955879964453e-17
4.797378395380072602e-17
4.722641183410966410e-17
4.366655419486387162e-17
4.246173335532225763e-17
3.919722841158106975e-17
3.776072005935610310e-17
3.518051877958400170e-17
3.387259544862228524e-17
3.201011144333546039e-17
3.108956189421570459e-17
2.902054078470269255e-17
2.753203791495715930e-17
2.615906153682552238e-17
2.529948844476973134e-17
2.351250543436601607e-17
2.250222475630283243e-17
2.169167543541124179e-17
2.121025219462713145e-17
2.038015581412728263e-17
1.949376554133108920e-17
1.808514987709319338e-17
