2.671473083850054442e-01
2.184663907350622436e-01
1.594150557201402529e-01
1.340872313533746085e-01
8.025244360179729919e-02
6.958341104700346835e-02
4.762861426468440601e-02
2.341954489292733324e-02
1.108063053851113993e-16
1.021250754163498839e-16
8.829271670992637373e-17
8.471294835082897310e-17
8.157720214462639309e-17
7.764692455978895486e-17
6.282767987791545584e-17
5.433553527069740559e-17
5.174301395696603111e-17
4.608393086225772196e-17
4.554071962412739786e-17
4.252409013285448282e-17
4.120766250353260283e-17
3.837963762548179125e-17
3.642023519129356451e-17
3.495031058845326295e-17
3.258704131742524764e-17
3.111759819940887531e-17
3.070980148184432441e-17
2.851637309069537176e-17
2.744802127227056937e-17
2.661743724883201336e-17
2.518932926120136615e-17
2.425624638169276901e-17
2.353953072763490300e-17
2.210267831364680054e-17
2.078901483477836477e-17
2.000732676579507097e-17
1.886968443216795202e-17
1.842438230050519259e-17
1.740764813816578375e-17
1.710885001059278385e-17
