9.419885345621101802e-01
5.801146543788743282e-02
3.218996305123681478e-16
2.730024145507538787e-16
2.141562328096846303e-16
1.945264546882354402e-16
1.578476238747269950e-16
1.301329660415142586e-16
1.258446757046702784e-16
1.132959388633729234e-16
9.668927483618204490e-17
7.918828032844446889e-17
7.173558078286345727e-17
6.345482867263978235e-17
5.431190504998771559e-17
4.733086663101503601e-17
3.743221667768715860e-17
3.390748840984088017e-17
3.001430753851050769e-17
2.712596928030286095e-17
2.485413489177245689e-17
2.356250013300663017e-17
2.173152219799517894e-17
2.079605397104532342e-17
1.745960659495107011e-17
1.560725779400421934e-17
1.407248424939772013e-17
1.236715167040242783e-17
1.076576541556066693e-17
9.795580454381534311e-18
8.992467778761748869e-18
8.454847321228262881e-18
7.520528235697535635e-18
7.129947458713315946e-18
6.519756068094561616e-18
6.310833485257724433e-18
5.198934868416645910e-18
4.733219295230552388e-18
4.208237154640565912e-18
3.639316782491835107e-18
