8.276233163174812058e-01
1.124793037292101672e-01
3.841913010213570540e-02
2.147824985115624058e-02
2.231348246583682621e-16
2.020581851346347232e-16
1.820966797913922387e-16
1.715475146881384603e-16
1.307341242350839846e-16
1.210277800858025486e-16
1.121537737901270065e-16
1.091630775272307349e-16
9.902017661014496521e-17
8.881713689553309228e-17
7.048377336879366589e-17
6.831949289243529913e-17
6.178913052337812266e-17
5.472766501742880216e-17
4.680714570224066747e-17
4.374422829512344999e-17
4.116966698352219919e-17
3.813009685892996427e-17
3.476989461173759794e-17
3.167469267833605735e-17
2.895995169125967291e-17
2.666113463294273160e-17
2.588553989797993058e-17
2.309151315571015620e-17
2.197409933222905041e-17
1.914222899467266767e-17
1.819315388463395878e-17
1.692120524530288787e-17
1.410570073886056565e-17
1.363027164087778167e-17
1.227684228481711466e-17
1.215389042974515145e-17
1.073612524162137565e-17
9.653171905718007189e-18
8.846866459866751207e-18
7.467439931260987006e-18
