7.863285445862769896e-01
2.136714554137198463e-01
2.776047238336419870e-16
2.599466712999048904e-16
2.179594245837838723e-16
1.975465424439820323e-16
1.919547738611264378e-16
1.786072608795264221e-16
1.720548789346628365e-16
1.517365828888856730e-16
1.303148253966238166e-16
1.244203187340533988e-16
1.121328255160730694e-16
9.807221764261395172e-17
9.453593215006567477e-17
7.814362502727284364e-17
7.631264349904588638e-17
7.351430011923849544e-17
6.314976100373773565e-17
6.187168587265955297e-17
5.864682172298051981e-17
5.286159224585384135e-17
5.235491915014698082e-17
5.011431304300618183e-17
4.809815336867535679e-17
4.538492165748648148e-17
4.292729504082517475e-17
4.032658237538351887e-17
3.894586211491557922e-17
3.710434757218095903e-17
3.497083075520548242e-17
3.313592129807708652e-17
3.212204291005198223e-17
3.080634161016728473e-17
2.937977861102710062e-17
2.721161336052495428e-17
2.657503315136902791e-17
2.442854478633124318e-17
2.277681115360319872e-17
2.198092683473149929e-17
