5.603318287529412967e-01
1.815761051734614273e-01
1.237595933899355294e-01
6.416277101985200237e-02
2.804661582827766217e-02
1.872831067457361373e-02
1.431801689381906155e-02
9.076758267139568154e-03
9.348353044104931974e-17
3.116981722753597779e-17
2.772189051210521196e-17
1.995235337293937175e-17
1.577709614273941135e-17
1.278947526846084563e-17
8.946497610215869113e-18
7.802013921013634655e-18
6.122013378288711493e-18
3.839336602454399326e-18
2.359137367296101188e-18
1.058856917774819389e-18
-5.056870504549897201e-19
-1.347033769934935050e-18
-2.908332233216811497e-18
-5.426329998643672464e-18
-7.432644722328220982e-18
-8.865137234353892883e-18
-9.567827962259893820e-18
-1.397784240046739017e-17
-1.899484397881124551e-17
-2.463365778480069624e-17
-4.201885791288547660e-17
-7.165765035024549685e-17
