9.094741378637727358e-01
9.052586213622834665e-02
1.529938317966254833e-16
6.101185411927935164e-17
5.111507992043462994e-17
2.011028674619910783e-17
1.491274920625871074e-17
1.083457276003276836e-17
8.278072118078008844e-18
4.367565017793625073e-18
3.838493622979840718e-18
2.011656015416798186e-18
1.326023440935993769e-18
9.439052235503664663e-19
6.593504309052011781e-19
4.260292739994705006e-19
-1.695248774974645285e-20
-1.474275178620088039e-19
-5.098874071323215795e-19
-9.175286276364265111e-19
-1.484297136029534944e-18
-2.428845730896042346e-18
-3.356480684207040266e-18
-3.992475048014411898e-18
-6.294665845705579801e-18
-7.424807540435759844e-18
-9.290134464404420888e-18
-1.511648568036477968e-17
-2.284457131600473297e-17
-3.700406494010847708e-17
-7.075571617751089071e-17
-1.801889928961884136e-16
