4.482081157290690454e-01
1.630421350868274111e-01
1.028753134860131979e-01
6.410071054782634503e-02
3.945007279712162140e-02
3.755676587869941074e-02
3.066021947618542687e-02
1.957827058921282962e-02
1.689947307819755079e-02
1.475076279185459811e-02
1.285374912288969086e-02
8.224491169188897707e-03
6.438247726108027244e-03
5.776797783076601141e-03
5.366012926632583030e-03
4.740580084254051099e-03
4.474849854954854669e-03
3.082414544087091254e-03
2.917424359854042890e-03
2.044412369814719872e-03
1.728755083889678629e-03
1.387872515578362402e-03
1.187984639534186244e-03
8.329666109725000029e-04
6.372939279518399737e-04
4.722341528554271873e-04
3.064406173582283409e-04
1.700881605885273004e-04
1.378809673722280864e-04
8.497462953000511411e-05
1.193972399181557891e-05
7.495685099945814271e-07
