6.883562955002677786e-01
3.116437044997314998e-01
7.452936444017235132e-17
6.271789107417828364e-17
4.596812242297706664e-17
4.363077003728355986e-17
3.215222829661219266e-17
2.702467811148949517e-17
1.914042423464358946e-17
1.671872669274290616e-17
1.279360576481199684e-17
1.058359315058642088e-17
8.261840097424992732e-18
7.399631049246294245e-18
3.236466902280409269e-18
2.053027820753251316e-18
9.153725365052204565e-19
-1.901454501381434227e-18
-2.470688569485244076e-18
-4.625832645017391049e-18
-7.957431593873493766e-18
-1.186743206844737949e-17
-1.362784893166825976e-17
-1.592122997046482167e-17
-1.915204403959751211e-17
-2.264782095088972427e-17
-2.807946957236815597e-17
-3.732780471025556350e-17
-4.390439858152725262e-17
-6.463436464231491520e-17
-9.239658934476609759e-17
-1.188586499021121920e-16
