2.583914463843208775e-01
1.874593196364644498e-01
1.655253072825642324e-01
1.124385409260185986e-01
1.043801863712073286e-01
8.294522145125610146e-02
5.699920918485155974e-02
3.186076876331914859e-02
1.244621427517036868e-16
9.120878803894336432e-17
8.646889303718249289e-17
8.414546554158966853e-17
7.775319530979060576e-17
7.333915825904921400e-17
6.491902800502646419e-17
5.847959645642702814e-17
4.948009346128329995e-17
4.731774300642817594e-17
4.507202446598615415e-17
4.456919456742833777e-17
