2.354139903349857232e-01
1.970665247933766628e-01
1.605447303538249937e-01
1.146344007943876364e-01
9.314703232102836128e-02
8.155110032110007845e-02
6.582422171458374160e-02
5.181799936671144247e-02
7.470492486213024883e-17
4.161950698847731594e-17
3.691211287811454755e-17
3.277164451488040307e-17
2.398428421483354836e-17
2.110681081189051661e-17
1.465264300020502135e-17
1.257073982309104196e-17
9.033853449112531767e-18
8.401288529315897365e-18
5.802847863556139655e-18
3.303596950863160582e-18
6.553370513494741211e-19
-1.185952486710874774e-18
-3.740809364293267802e-18
-4.579599818753997653e-18
-8.678379374231915101e-18
-1.075352171305004062e-17
-1.428184805581926939e-17
-1.584458162307189563e-17
-1.958201111838316226e-17
-2.809525145098164403e-17
-3.235916962525509555e-17
-4.217096971969976226e-17
