7.270214084617238059e-01
2.729785915382774153e-01
3.414000053142124049e-16
2.490126313069103949e-16
2.410580835310989048e-16
1.898197858840276898e-16
1.771009558251342916e-16
1.755052049553196990e-16
1.527764244034307122e-16
1.401931503564459284e-16
1.273773562857829710e-16
1.221289694500443258e-16
1.056806450562466510e-16
1.004041484391247153e-16
8.816142282135860178e-17
7.969324994562039198e-17
7.640987122086318004e-17
7.146769610192846751e-17
6.883828340594937381e-17
6.328982027518799764e-17
