3.755785167058584006e-01
2.794270894990530385e-01
2.188785425430368192e-01
1.261158512520504926e-01
1.892530154706357158e-16
1.478118662619373775e-16
1.313625956057917347e-16
1.185298163469946478e-16
1.140443111956612276e-16
1.069596678649510063e-16
1.029295309687354049e-16
9.052690073199306132e-17
7.823607958286075004e-17
6.859573044003093942e-17
6.707585700385701839e-17
6.176478793369159652e-17
5.546893468909743627e-17
5.212002166952382760e-17
5.022983030960198828e-17
4.775661956875219179e-17
