7.316821233502939226e-01
9.137097033771680865e-02
6.889801798633651830e-02
3.642360176737005628e-02
1.600665200430939628e-02
9.921323987407588973e-03
7.895704013442339173e-03
5.675886016998023427e-03
4.222574651161969603e-03
3.519338592715901427e-03
2.888344790947781817e-03
2.487694966357791027e-03
2.106428632837498149e-03
1.604610352701936037e-03
1.498100399541225447e-03
1.276410420697751333e-03
9.873430919039231750e-04
9.163483747907167883e-04
7.995091884726389765e-04
7.774653486035728450e-04
6.460658435905531271e-04
5.925130754661317401e-04
5.778594822837444193e-04
5.161579967364004996e-04
4.553004138723749645e-04
4.334526165301503067e-04
3.922442939823363932e-04
3.602169981569009458e-04
3.303954834502658604e-04
3.113556790331975391e-04
2.911660268396967354e-04
2.764886827726136475e-04
2.444512566644759899e-04
2.290284296912898634e-04
2.103344355769507380e-04
1.951113831542221452e-04
1.817757112458698039e-04
1.674124209606796471e-04
1.614429423833969889e-04
1.476588652876693170e-04
