1.362211143330315510e-01
1.024481116607341424e-01
9.539468041324630776e-02
8.816630407149500526e-02
8.289990006830133540e-02
6.659827499974908804e-02
5.977305769297056731e-02
5.157906915392058284e-02
4.601378590457205070e-02
3.959479842765629976e-02
3.146857274721097386e-02
2.854446270101517608e-02
2.535244139308286820e-02
2.263037895137423247e-02
1.986876111221366759e-02
1.713243292619626851e-02
1.491129025459025925e-02
1.415776647110712251e-02
1.220545798996382388e-02
1.142818680852030616e-02
8.414366598536587860e-03
6.056556502226215742e-03
5.034131856026252336e-03
4.484416426210576997e-03
3.080077413361200812e-03
2.604460298675927588e-03
1.923469786138491677e-03
1.013642710512281317e-03
7.526080281909716804e-04
1.762345519381135065e-04
6.314690505715725183e-05
8.040842173127185958e-06
