1.375973909376790316e-01
1.098537309953422914e-01
9.156884247607359473e-02
8.493753203360490667e-02
7.893049973485416482e-02
7.068990885500754662e-02
6.073190501549977777e-02
5.109328882430198143e-02
4.371493629819956511e-02
3.912773369408657775e-02
3.065266694647054632e-02
2.631045957457206139e-02
2.468758145951163718e-02
2.277739942275946658e-02
1.993980094091077002e-02
1.896195358667128461e-02
1.660680289214689839e-02
1.331244564869648456e-02
1.167929852180507946e-02
1.075897526508085011e-02
7.987787810167422398e-03
6.341655085850348393e-03
5.398957188236075400e-03
4.774888720774445906e-03
4.223865012602424571e-03
2.609544911561721171e-03
2.046619707060466989e-03
1.264830523539458088e-03
1.036533144939289375e-03
2.367498933904391481e-04
1.397302795254731268e-04
5.684599080096895288e-06
