1.094562397474733578e-01
9.134397126247137400e-02
8.492355562842998640e-02
8.111706290518405638e-02
6.950058890145116575e-02
6.693072426793399143e-02
5.840031609730731571e-02
5.516277248014378465e-02
4.684969473308440296e-02
4.325644759721684190e-02
3.715782765949397770e-02
3.423477803689908838e-02
3.187590658802222365e-02
2.883099663805011731e-02
2.552378617780141218e-02
2.376717118428280789e-02
1.955937374701565909e-02
1.850915716163920380e-02
1.546751684882790093e-02
1.267425318531236605e-02
1.151006202809773220e-02
8.998920743181832577e-03
6.599734261294338059e-03
4.995454353080009541e-03
4.057011388214757340e-03
3.216666469055785935e-03
2.338929892817422865e-03
1.726305873612471019e-03
1.093499804400185514e-03
6.965836621047558639e-04
2.088401175528858413e-04
1.585055854775460301e-05
