5.501557251788216085e-01
1.443928287085900486e-01
7.340731517738517675e-02
5.676771665180985887e-02
3.052044267968900826e-02
1.855444570821861844e-02
1.424174801887957351e-02
1.238029652788944467e-02
1.046958893211639638e-02
7.548531217879741843e-03
7.342927203331024721e-03
6.025302691983638534e-03
5.075326518454072872e-03
4.195693008407498995e-03
3.890549906703095074e-03
3.483816303986770474e-03
3.239305331708141906e-03
2.981815014175925697e-03
2.767176956471060004e-03
2.619354763791146169e-03
2.474221184623258928e-03
2.233551008618341570e-03
1.989043770319419598e-03
1.814338128804624493e-03
1.776586994371382898e-03
1.649381481414072346e-03
1.588145231474521199e-03
1.480585562923322513e-03
1.338255904711675368e-03
1.248800661765035562e-03
1.205738200888023049e-03
1.161947303324552738e-03
1.061077056213710883e-03
1.018746008413989835e-03
9.742112839938553426e-04
9.162748541711949459e-04
8.766014710859106962e-04
8.267784900802822553e-04
7.966389666151812467e-04
7.347219342910367088e-04
