1.246203435744097504e-01
1.090014686566776608e-01
9.480774720696172331e-02
8.215205066352525287e-02
7.387623652942131025e-02
6.511005755355335489e-02
5.824009395354694252e-02
5.077276837022458300e-02
4.455015016510278231e-02
3.972198657133752669e-02
3.402930078585417878e-02
3.098465911935074923e-02
2.932417449957650316e-02
2.362673110941603677e-02
2.171515808304706752e-02
1.903561619437455985e-02
1.727109566807081067e-02
1.461272021970758811e-02
1.368023620256873102e-02
1.050095183362131229e-02
9.907282357133813736e-03
7.153967699934536337e-03
6.294501038020462735e-03
4.864367548086392760e-03
4.035086487588612075e-03
3.258198763670549451e-03
2.865004762048952141e-03
2.257887977994327538e-03
7.774320515470694486e-04
5.896869659533666291e-04
3.467071115553838805e-04
1.633027611617659909e-05
