3.960881864466889168e-02
3.503611497873446168e-02
3.111534777298680110e-02
3.014119451030854505e-02
2.806706792026465030e-02
2.708560169750283408e-02
2.646951324233185604e-02
2.563205695149315885e-02
2.426619912224944539e-02
2.346669871252092185e-02
2.300940603942051854e-02
2.242299427319510013e-02
2.193239060847973834e-02
2.090680119452206429e-02
2.059726630583686574e-02
1.981124290380678263e-02
1.923074019394668821e-02
1.885851213439802485e-02
1.831568963753675908e-02
1.752830397131311183e-02
1.698864653214086570e-02
1.610558846616260559e-02
1.567980308962426544e-02
1.532033473966342048e-02
1.507405233978569362e-02
1.419628691537959744e-02
1.355411049226242989e-02
1.325932831774265762e-02
1.297953489791534541e-02
1.269169517705207029e-02
1.244255188447759494e-02
1.219747924910388054e-02
1.176178280152037105e-02
1.136323991346263260e-02
1.106108253375239110e-02
1.076537901607307196e-02
1.052933209583245024e-02
1.025635225995704357e-02
9.758257826924363401e-03
9.529049542623327720e-03
