7.690114035488461453e-02
6.968248211383797075e-02
5.650405003703128093e-02
4.652214192049505814e-02
4.077509571098933416e-02
3.428761689266902196e-02
3.299124395455915737e-02
2.824569839705386859e-02
2.636391703701660566e-02
2.554613551092258655e-02
2.454137442276066450e-02
2.258445049718952810e-02
2.160625912264375198e-02
2.060757309930788192e-02
1.999908952726016029e-02
1.974941403422607322e-02
1.779972197470964385e-02
1.696026365921131027e-02
1.656668473261209071e-02
1.570953183801299807e-02
