6.190835751568677381e-01
1.394785644599334518e-01
7.888604818407529695e-02
4.357735784130033208e-02
2.509991418463298346e-02
2.111158829781398932e-02
1.472825942832720753e-02
1.018239041642961078e-02
7.930562137599270894e-03
7.001953160915255076e-03
5.788674344957030551e-03
5.210705905498339875e-03
3.686651499290098406e-03
3.204719381282730185e-03
2.768048761101777038e-03
2.367056947203800398e-03
1.958172799214114804e-03
1.806079617859609110e-03
1.454550597664777895e-03
1.074225559882626422e-03
9.955303701718815415e-04
8.072934416390597926e-04
4.846409367117756315e-04
3.773696436607512834e-04
3.226377067011935171e-04
2.275251257281590725e-04
1.541212719631900160e-04
9.447350667428933168e-05
7.042665355545384837e-05
4.843194734205260709e-05
1.820435858189183774e-05
2.463554180697174743e-07
