1.036576600385892555e-01
1.001947003711212841e-01
8.950550707964258224e-02
7.943450542387216207e-02
7.181917060411885378e-02
7.017420036412908013e-02
6.295360530766719309e-02
5.513185695751232629e-02
4.671884014084359132e-02
3.980839488521750735e-02
3.594125066101889338e-02
3.466157627974152111e-02
3.062110580628676568e-02
2.654297803276828988e-02
2.341978289373555788e-02
2.125102512057089679e-02
1.812432924710031049e-02
1.589770540857551526e-02
1.512549569922674864e-02
1.209687393984168295e-02
1.099117027029805106e-02
8.885761230943898387e-03
8.209076792018946134e-03
6.865575611897908707e-03
4.198927602190121421e-03
3.203422868450580153e-03
2.265810572501047917e-03
1.355054850656718960e-03
5.801622236808567749e-04
2.346466429050032441e-04
1.197739413201034280e-04
1.005313155737589242e-05
