2.297414864225048592e-01
1.912379116945750468e-01
1.113336123438761621e-01
9.251678950693482950e-02
7.532816443775242066e-02
6.634093405795177256e-02
4.660452303846912558e-02
3.551067234418994745e-02
2.943233249717005368e-02
2.603060412934925585e-02
2.003629833721032663e-02
1.326764235604516173e-02
1.081548175280118776e-02
9.458332856427999549e-03
7.882861480731853318e-03
6.926956681483758052e-03
5.880569200024729840e-03
4.978679124373244953e-03
3.929740914949947546e-03
3.337314855758034826e-03
2.582475056159536965e-03
2.185354632328501655e-03
1.398964324192444745e-03
1.128159114943184200e-03
7.956854073428752195e-04
5.598396031229936230e-04
4.172276327233240874e-04
1.666623036002826748e-04
1.150098599798818583e-04
5.070151956178066448e-05
8.340552907767796173e-06
6.719605569141275338e-07
