7.735922011847781166e-01
1.029759270033187013e-01
4.824042568554773314e-02
3.421188913771869289e-02
1.297818461384497857e-02
7.680640090847777948e-03
5.769710310062936207e-03
3.782284160084373181e-03
2.494658101525942893e-03
1.769253948053121396e-03
1.178702535390720044e-03
1.075764974377093220e-03
9.322801838080546719e-04
7.254650388673019624e-04
5.292315377641046382e-04
4.510992735522399407e-04
3.296327077563087509e-04
2.891268228154192702e-04
2.365948069026095537e-04
1.746909015776338346e-04
1.451580803946052203e-04
1.065516054959612214e-04
8.563736775147337771e-05
7.797003128738292266e-05
5.997060972330193459e-05
3.976353026432274517e-05
2.699462646816992131e-05
2.055259350710510134e-05
1.077357518155726312e-05
7.102817385381245991e-06
1.652249958147635720e-06
1.098939898664391249e-07
