1.848398504214972538e-01
1.307579386082912409e-01
7.804146297302802515e-02
5.271464706641731252e-02
3.554911188952648848e-02
3.323831507882837877e-02
2.875219313332422894e-02
2.821012425549558611e-02
2.561179115939269876e-02
2.393186423267930352e-02
2.131078835492089887e-02
1.980614694497485548e-02
1.750324007709541316e-02
1.631021163821212011e-02
1.513362043525028761e-02
1.426480346891481447e-02
1.364438030283189433e-02
1.288261528322804175e-02
1.144289303889909487e-02
1.091916766570252308e-02
