5.845799320359296170e-02
5.172526187355533378e-02
4.450342926278307021e-02
3.953119178028248470e-02
3.640035647537612218e-02
3.474775773196915607e-02
3.367117470854836397e-02
3.075622895656014016e-02
2.905614656467579715e-02
2.829609096093026535e-02
2.577955455022447329e-02
2.444048672613953824e-02
2.319723695946726907e-02
2.249758348260978702e-02
2.178260768248720808e-02
2.097685371927480655e-02
1.900664089771494578e-02
1.825537289778050160e-02
1.717807339300958525e-02
1.661742969563461889e-02
1.601947846809225959e-02
1.558023748130047716e-02
1.459628967076612334e-02
1.431546171155119451e-02
1.318619659882160934e-02
1.288907382004260936e-02
1.254716083303833093e-02
1.211339479545467217e-02
1.151930441973741948e-02
1.112031818890290256e-02
1.082677722924800176e-02
1.056622041251043496e-02
1.023439746190983428e-02
9.680963948555519616e-03
9.341170175781995932e-03
8.999513626037517616e-03
8.592369376085227939e-03
8.461839171515354516e-03
8.161434986376218947e-03
7.723915369649420916e-03
