4.574456030968212517e-01
1.732861655172776016e-01
9.168659428274592016e-02
5.206546995899727359e-02
3.533993187426498483e-02
2.571289933857939108e-02
2.196828840044754219e-02
1.520438479310262832e-02
1.451330104753445656e-02
1.340115896915298511e-02
1.053191839796776760e-02
7.727713098118727322e-03
6.443296300330231437e-03
5.923477633089308317e-03
5.125833472918976327e-03
4.716420413340831862e-03
4.007513846366737853e-03
3.650399570015094505e-03
3.325511629464833734e-03
2.927582512104622350e-03
2.594698628616840756e-03
2.410509715118963094e-03
2.206299684968937580e-03
2.070087990623030189e-03
1.979750593997157190e-03
1.816967150474232094e-03
1.642200893989067580e-03
1.578518088810464300e-03
1.497451586798045171e-03
1.388996999614195435e-03
1.306442859418816601e-03
1.229515082866177280e-03
1.132624818476909772e-03
1.109358635701896681e-03
1.014161864368758829e-03
9.653673837374083470e-04
9.115373377814076864e-04
9.048988437330467626e-04
8.352899207737709414e-04
7.961964326621662853e-04
