4.770792702099932447e-02
4.074846904851928131e-02
3.756618850476644428e-02
3.593328659835352823e-02
3.294590172696288538e-02
3.252809123052820967e-02
3.068837093287240039e-02
2.960976792230998397e-02
2.774851216074977409e-02
2.614217127588000511e-02
2.490116519524333480e-02
2.377291058770085799e-02
2.311468271855973700e-02
2.167658514382352769e-02
2.055783042032303248e-02
2.019567383711885419e-02
1.924541544150523698e-02
1.823354364646714854e-02
1.779657062408787280e-02
1.727483257006682746e-02
