1.209446834788291542e-01
1.012338199818830914e-01
8.314265647815891058e-02
5.554363492007390046e-02
5.007285485511108608e-02
3.818481363694019998e-02
3.744910457772710616e-02
3.127098727419877489e-02
2.724330700650895096e-02
2.655290100266847683e-02
2.398083324549828144e-02
2.045338286978613113e-02
1.892047562019740642e-02
1.809584822313705169e-02
1.698760751478408867e-02
1.540347217189406981e-02
1.499060920119819895e-02
1.415110315293363792e-02
1.322067336649656970e-02
1.230076645793903335e-02
1.188735303974300037e-02
1.138527499922886363e-02
1.078860728413882225e-02
1.008344912658412466e-02
9.758574733269020918e-03
9.581064928155216126e-03
8.829184787153559685e-03
8.378073705799841953e-03
7.986967002153226580e-03
7.736076284092718684e-03
7.363664128316235041e-03
7.074805411804661534e-03
6.727947040015770826e-03
6.503733494175482042e-03
6.124405870815400992e-03
5.825300274627904888e-03
5.670030349314026004e-03
5.351171583268869887e-03
5.178925308004274017e-03
5.028006367930316217e-03
