5.070000851281790677e-01
1.462987226651627504e-01
1.162828481078041903e-01
7.081785937122916930e-02
3.434331155081215420e-02
2.339591635970528563e-02
2.015012206535656339e-02
1.651024159839068611e-02
1.192062460464737850e-02
9.129437016525800488e-03
8.267075652317570217e-03
6.228159564643903287e-03
5.150960348221776501e-03
4.483211269774186464e-03
3.633583520010412894e-03
3.244398680875856898e-03
2.665642991261046521e-03
2.091332135265848435e-03
1.661428984954833573e-03
1.514202306358065084e-03
1.310829054905049591e-03
1.011169163370583468e-03
7.152033294982543948e-04
6.290102173367110704e-04
4.726580458325421209e-04
3.589588470669764450e-04
2.860728504500328873e-04
1.817502310335690659e-04
1.408115304149344042e-04
7.080160390985260174e-05
3.062828504852610262e-05
2.942919635801161445e-06
